$ 1 0.000001 11.086722712598126 50 5 50 5e-11
v 16 352 96 352 0 1 1602.72 7.920000000000002 0 0 0.5
w 272 240 272 352 0
g 16 352 0 352 0 0
207 464 224 464 176 4 in
w 1232 288 1264 288 0
207 1264 288 1312 288 4 out
r 1264 288 1264 352 0 100000
g 1264 352 1264 368 0 0
411 112 208 48 208 0 1 40 5 0 0 0.5 10 60 1
211 1264 288 1312 240 0 2 48000 1
S 352 224 272 224 0 0 false 0 2
S 464 224 384 224 0 1 false 0 2
w 352 224 384 208 0
g 384 240 384 256 0 0
S 272 208 192 208 0 1 false 0 2
R 192 224 192 256 0 0 40 5 0 0 0.5
R 112 176 80 176 0 6 40 1 0 0 0.5
403 1120 448 1376 576 0 5_2_0_4098_10_0.1_-1_2_5_3
403 400 368 592 480 0 3_2_0_4098_10_0.1_-1_2_3_3
212 96 352 288 352 0 2 a*(1-b)
R 96 384 32 384 0 3 100 0.5 0.5 0 0.159154943092
w 192 352 224 352 0
r 224 352 224 384 0 1000
w 192 384 224 384 0
g 224 384 224 400 0 0
w 224 352 272 352 0
159 912 384 976 384 0 20 10000000000
R 816 416 816 432 0 0 40 -12 0 0 0.5
R 816 352 816 336 0 0 40 12 0 0 0.5
409 768 384 864 384 3 0.6 -12.431934038876857 0.023100000000000002 0
g 768 368 752 368 0 0
w 864 480 864 384 0
w 768 400 768 480 0
r 624 480 768 480 0 10000
w 864 384 912 384 0
r 768 480 864 480 0 10000
R 1184 320 1184 336 0 0 40 -12 0 0 0.5
R 1184 256 1184 240 0 0 40 12 0 0 0.5
409 1136 288 1232 288 3 0.6 -10.398171145943158 0.023100000000000002 0
g 1136 272 1120 272 0 0
w 1232 384 1232 288 0
w 1136 304 1136 384 0
r 1024 384 1136 384 0 10000
r 1136 384 1232 384 0 10000
w 1024 384 976 384 0
t 640 688 672 688 0 1 0.493364753101493 0.5327208509792406 100 default
r 672 672 672 608 0 100000
r 576 688 624 688 0 100000
R 672 608 672 576 0 0 40 5 0 0 0.5
g 544 736 544 752 0 0
w 672 672 784 672 0
R 496 640 432 640 0 2 4640 6 6 0 0.5
w 880 656 944 656 0
R 880 592 880 560 0 0 40 5 0 0 0.5
r 784 672 848 672 0 100000
g 880 704 880 720 0 0
r 880 656 880 592 0 100000
t 848 672 880 672 0 1 -4.960642344594998 0.03935660354466335 100 default
w 944 656 944 400 0
207 624 480 624 432 4 in
403 272 816 400 880 0 51_2_0_4098_40_0.1_-1_2_51_3
403 704 816 832 880 0 50_2_0_4098_5_0.1_-1_2_50_3
403 848 816 976 880 0 52_2_0_4098_5_0.1_-1_2_52_3
w 640 688 624 688 0
403 560 816 688 880 0 63_2_0_4098_0.625_0.1_-1_2_63_3
g 672 704 672 720 0 0
w 880 704 880 688 0
d 496 640 544 640 2 default
w 544 688 576 688 0
r 544 640 544 688 0 200000
r 544 688 544 736 0 100000
403 416 816 544 880 0 68_2_0_4098_10_0.1_-1_2_68_3
x 725 298 977 301 4 24 Analog\sSwitch\sInterface
S 192 192 112 192 0 1 false 0 2
r 1024 384 1024 448 0 1000
g 1024 448 1024 464 0 0
207 496 640 496 592 4 gate_in
w 352 720 352 704 0
t 320 688 352 688 0 1 -0.34609842309035743 0.6530289379999266 100 default
r 352 672 352 608 0 1000
r 256 688 320 688 0 100000
162 352 720 352 752 2 default-led 1 0 0 0.01
R 352 608 352 592 0 0 40 12 0 0 0.5
w 544 560 544 640 0
w 544 560 256 560 0
w 256 560 256 688 0
g 352 752 352 768 0 0
s 176 688 256 688 0 1 false
R 176 688 176 656 0 0 40 12 0 0 0.5
o 3 4 0 12290 12 0.0001 0 6 3 3 5 0 5 3 76 0 76 3
38 0 F1 3 4 5000 -1 Frequency
38 0 F1 0 -12 12 -1 Max\sVoltage
38 15 F1 0 -10 10 -1 Voltage
38 16 F1 0 -5 5 -1 Noise\sVoltage
38 51 F1 0 0 15 -1 gate\sv
38 51 F1 3 4000 20000 -1 Frequency
38 51 F1 2 0 15 4 \0
